62.684571;22.458469
62.684000;22.456774
62.685260;22.457417
61.503327422;23.750040200
61.497377289;23.784709149
61.503488574;23.749816460
61.497682330;23.783925216
61.503446539;23.750074832
61.497669117;23.783322927
61.503727892;23.750481884
61.496938039;23.781982290
61.503948224;23.750070807
61.496544809;23.781228873
61.504187094;23.750487089
61.496464139;23.780588630
61.501159048;23.745498050
61.504166649;23.750932175
61.496806647;23.780265791
61.503839055;23.750819109
61.497211049;23.780339846
61.503686253;23.750962702
61.497108412;23.781263369
61.503886345;23.751103474
61.496961418;23.781277225
61.503984561;23.751334041
61.496777483;23.781175982
61.497799059;23.742018422
61.503938811;23.751894973
61.497588119;23.782464760
61.497480567;23.742432858
61.504163434;23.751501673
61.497568840;23.781900970
61.497510770;23.742212965
61.504295269;23.751518406
61.497778029;23.782476258
61.497536593;23.741993144
61.504279187;23.752025733
61.497797427;23.783116960
61.497558115;23.741809935
61.504644655;23.751924940
61.498024492;23.783384540
61.497340304;23.742269295
61.504768615;23.752288784
61.498016188;23.782013182
61.497348629;23.742049602
61.504752546;23.752805002
61.497396139;23.741728907
61.504488238;23.752415584
61.498018678;23.742510764
61.504472819;23.753296639
61.499490248;23.741263106
61.504316140;23.753644903
61.499289234;23.741356296
61.504333972;23.754098569
61.499912274;23.749432332
61.504301219;23.754801774
61.497767042;23.750657579
61.504493639;23.755405345
61.498053572;23.782626330
61.497753236;23.750282482
61.503560042;23.751693345
61.499680250;23.780719751
61.497473554;23.748033515
61.503455164;23.752477186
61.500428149;23.781086196
61.497507849;23.747658033
61.503600679;23.753001021
61.500604197;23.783930566
61.498050021;23.742894861
61.503112252;23.753289630
61.501821695;23.782999183
61.497730395;23.749751895
61.502964458;23.751511256
61.501548599;23.780770692
61.497816068;23.751160507
61.503103275;23.750691547
61.501414099;23.780925454
61.498231779;23.751276174
61.503368108;23.753705790
61.501254806;23.780913748
61.498568181;23.751072145
61.503096901;23.754206213
61.501064174;23.780453630
61.498403235;23.749371276
61.503313930;23.754311263
61.501186009;23.780029788
61.493244010;23.748395142
61.494272871;23.748964425
61.503424748;23.754461660
61.501522760;23.779937667
61.494293897;23.748506746
61.503310237;23.754622735
61.501615074;23.780206189
61.493950084;23.748841220
61.503529134;23.755768834
61.502136729;23.780817801
61.494732701;23.743413240
61.503542738;23.756240308
61.502326734;23.780893384
61.494366332;23.743370504
61.502496999;23.756346386
61.502037854;23.780280124
61.494651668;23.743928629
61.502498607;23.750189234
61.502301184;23.780239807
61.498342036;23.735387323
61.502571368;23.750455560
61.498779554;23.735463672
61.502324912;23.750537608
61.497932977;23.783615864
61.502189206;23.750725546
61.497823601;23.784167766
61.501848656;23.750505855
61.497665027;23.784604624
61.501721814;23.750889450
61.501611317;23.750917018
61.501376988;23.750651992
61.501283489;23.750670543
61.502491384;23.755785589
61.498465380;23.807917278
61.501592435;23.778233295
61.503629140;23.759224206
61.501906489;23.799729981
61.498165792;23.808490514
61.501484646;23.778555176
61.503665743;23.759030622
61.501860578;23.796214322
61.498095762;23.809176607
61.501539423;23.778932556
61.503917645;23.758706482
61.503272790;23.795876553
61.501313856;23.778990830
61.503830629;23.758256117
61.503463707;23.795254819
61.497885690;23.811280568
61.501215031;23.779274860
61.504721998;23.757398610
61.504161951;23.795651712
61.497783023;23.812081136
61.501088289;23.779049103
61.504986359;23.757164572
61.504309656;23.797232455
61.498035654;23.813096659
61.497639280;23.757278667
61.505207629;23.756930866
61.504520264;23.798119266
61.497922097;23.813920123
61.521422902;23.668954600
61.505337623;23.679627760
61.491364174;23.732957838
61.496603112;23.631951372
61.511425966;23.611321123
61.504902131;23.630135199
61.503693536;23.600169428
61.504441780;23.748149783
61.504091415;23.747312015
61.503581915;23.746165862
61.526013637;23.704289655
61.530685076;23.719012763
61.532317915;23.678246761
61.529185691;23.659416566
61.521021013;23.653441444
61.520873939;23.653797205
61.519463629;23.643853361
61.515760504;23.646551306
61.514986563;23.622041011
61.511468452;23.613049673
61.503135769;23.662354387
61.508324505;23.688471206
61.508261883;23.774734305
61.506393878;23.699540957
61.508208187;23.774225853
61.507386232;23.708701623
61.508007432;23.774271560
61.507495229;23.710249258
61.508312420;23.773340113
61.507435195;23.711842717
61.510673309;23.775601877
61.511244053;23.769247506
61.504195681;23.724747380
61.500443946;23.709795118
61.491271964;23.731871214
61.492831221;23.741655974
61.522558433;23.657973631
61.500191760;23.709400146
61.502935832;23.661860605
61.495770884;23.643033557
61.503047877;23.769659884
61.492020742;23.760386367
61.498301109;23.735652216
61.490039357;23.753537107
61.502718054;23.790441868
61.499549064;23.797774408
61.501605205;23.742677322
61.497940574;23.743980856
61.497455563;23.812243102
61.503356258;23.797262999
61.496562041;23.817859177
61.502937221;23.748254905
61.497899472;23.781808923
61.498106869;23.781498578
61.501756908;23.780794859
61.498050021;23.742894861
61.496554373;23.747041464
61.501810120;23.742663292
61.502784166;23.749180745
61.498043171;23.751917227
61.495064266;23.752958251
61.493120059;23.753349621
61.496458261;23.752261591
61.490566015;23.755536799
61.492883426;23.756955952
61.491894984;23.759860418
61.499020129;23.760336278
61.497137555;23.765791376
61.495368828;23.769940217
61.498870093;23.765225408
61.500064160;23.765017329
61.499431933;23.772409501
61.499680212;23.775526347
61.499254011;23.786566206
61.504484799;23.779031116
61.506810046;23.766249517
61.499000648;23.760341648
61.496828706;23.741156348
61.498892601;23.765179667
61.500107571;23.765134963
61.499421032;23.766270403
61.490520568;23.755068870
61.493114064;23.753642273
61.497141117;23.765697395
61.492784277;23.757153188
61.495170447;23.769823044
61.494882024;23.752752930
61.496465690;23.752360047
61.498388852;23.751950094
61.499315768;23.775534775
61.497013354;23.740738664
61.493946134;23.744573195
61.496509410;23.747140458
61.477645756;23.919593439
61.492443271;23.893375394
61.501934587;23.915937231
61.494421100;23.824115739
61.501406131;23.823944576
61.503139763;23.844930909
61.485519193;23.841753633
61.485502190;23.794092656
61.488696596;23.805395715
61.487174158;23.793889408
61.487174158;23.793889408
61.486528701;23.794647010
61.483983498;23.782547021
61.473886693;23.885106748
61.482828521;23.749288445
61.484722641;23.754682427
61.469657135;23.876313322
61.480223212;23.759224899
61.475741696;23.729870736
61.483375659;23.805803417
61.487285719;23.805171024
61.471281019;23.793448726
61.468805282;23.783436666
61.449259909;23.846506918
61.468702446;23.783054268
61.475713807;23.801512679
61.471211939;23.793608927
61.443323358;23.866503923
61.476981153;23.823636086
61.511701468;23.769577020
61.510769312;23.779328680
61.502996533;23.769666968
61.498091960;23.783663804
61.496329413;23.784447262
61.500164022;23.765274507
61.505388646;23.757011432
61.504684926;23.763930294
61.507539926;23.770204462
61.504680684;23.772758445
61.481305063;23.920223185
61.495658231;23.905384455
61.490804045;23.843713586
61.494223975;23.824624693
61.494447605;23.823758240
61.479325888;23.805367220
61.483281609;23.796067409
61.492494972;23.887917312
61.485865381;23.780523698
61.484867443;23.787614224
61.470376082;23.888474999
61.488725486;23.790906499
61.477806451;23.761084883
61.505632036;23.672003654
61.526856498;23.689024470
61.505620586;23.672934700
61.531486448;23.676707784
61.491349887;23.739293549
61.506002030;23.661014780
61.529133252;23.678730214
61.491462808;23.738144024
61.505370358;23.660162347
61.522006254;23.674427302
61.491400250;23.737848169
61.519825186;23.669995368
61.491391891;23.738107582
61.510251512;23.666540508
61.522075654;23.665460274
61.492231292;23.737137190
61.511325959;23.661028398
61.524512992;23.666942726
61.492443313;23.736876032
61.511520654;23.659522204
61.527095940;23.657532733
61.493209422;23.734646410
61.511348985;23.659280557
61.517141285;23.665706814
61.493153607;23.733275962
61.498771777;23.628002942
61.516404529;23.664049272
61.493038014;23.733036106
61.499744692;23.604135555
61.494019874;23.627140836
61.515044934;23.668775215
61.492834232;23.732982282
61.499414940;23.603695863
61.494195730;23.627038214
61.514526021;23.670599478
61.492524231;23.732947898
61.499471432;23.604296533
61.494132694;23.627407508
61.513977715;23.673278555
61.491781246;23.733398879
61.502588180;23.612534175
61.493623246;23.619791923
61.518830027;23.643786449
61.491924782;23.734342451
61.503062407;23.618113336
61.496209036;23.631302695
61.520634795;23.640558977
61.491890733;23.735046704
61.504084178;23.614019268
61.496423667;23.630730577
61.523123859;23.635542826
61.491873990;23.735547010
61.504267269;23.613429830
61.496289958;23.631620040
61.523613851;23.625998856
61.492516895;23.733726036
61.501148195;23.751089783
61.503196204;23.755539778
61.500718336;23.750853007
61.500396084;23.751336018
61.499877635;23.751482527
61.499546154;23.751565238
61.499226808;23.751309785
61.493500715;23.770234901
61.498951267;23.751765714
61.493754133;23.770086634
61.498966098;23.760039415
61.491247213;23.772209514
61.496350245;23.779547843
61.501335847;23.740020058
61.496727120;23.780002722
61.500923186;23.739890044
61.498703254;23.779531176
61.500656114;23.740301562
61.498510845;23.779550845
61.499457123;23.740302674
61.498237472;23.764172881
61.497627552;23.785139406
61.501931412;23.741460308
61.498505879;23.764846139
61.505500196;23.771720713
61.501613601;23.742989448
61.498499797;23.765253716
61.506352098;23.773764923
61.501332871;23.742929513
61.498741557;23.764924913
61.500980614;23.743270505
61.498817966;23.764580774
61.501606459;23.743710214
61.498958457;23.764631837
61.501702075;23.744821598
61.500994578;23.743910993
61.499231346;23.764615562
61.501099049;23.745209128
61.499440755;23.764573684
61.500295616;23.743018141
61.499652334;23.764467832
61.494135177;23.769753172
61.500429126;23.743924541
61.499820822;23.764331491
61.494067121;23.769238344
61.499900540;23.743199336
61.499402823;23.764900959
61.493882540;23.769333412
61.499787196;23.743974301
61.499775186;23.764786779
61.493681181;23.769440299
61.498951056;23.744746300
61.499311058;23.765531948
61.493457432;23.769547369
61.499443560;23.766199143
61.493239155;23.769584127
61.499628398;23.765690671
61.492965128;23.769750120
61.499697170;23.766175909
61.493780785;23.768748550
61.492155013;23.743146653
61.499887117;23.766003889
61.493523479;23.768879303
61.491849633;23.743063078
61.499831183;23.765741272
61.493421613;23.768235894
61.491976749;23.745006262
61.499842443;23.765051655
61.500656326;23.759462509
61.492317942;23.745907450
61.500338303;23.764979208
61.500671580;23.759792511
61.491844988;23.746069129
61.500393921;23.764395865
61.498769043;23.760713091
61.491418518;23.745412599
61.497488134;23.758373895
61.491444247;23.746337857
61.499894382;23.765619944
61.503871350;23.759468747
61.496471951;23.757180495
61.497630514;23.757981268
61.491905953;23.747503477
61.500087530;23.765995267
61.496369532;23.757866092
61.497657076;23.758472381
61.491416167;23.747837466
61.496684169;23.759963653
61.497705635;23.758955626
61.490752111;23.748517209
61.500410199;23.765959644
61.495234686;23.762080340
61.497570737;23.759440308
61.490483376;23.749703082
61.500458202;23.766217574
61.507562780;23.770432742
61.497654274;23.761044097
61.490536250;23.750477434
61.500571370;23.766176446
61.501591351;23.777947060
61.497680601;23.761412361
61.490548589;23.751603637
61.500665306;23.766144926
61.503345519;23.763503760
61.497223586;23.761277706
61.490844833;23.752325845
61.500799240;23.765670016
61.503217666;23.763827196
61.497408200;23.761944159
61.490883880;23.753050123
61.500799098;23.765587074
61.502995523;23.763459393
61.497628184;23.761858023
61.502624823;23.764873583
61.504769615;23.778108266
61.502513207;23.793350978
61.499325177;23.803315248
61.504147945;23.768950047
61.504770682;23.778765503
61.502695380;23.794639382
61.499722570;23.804078185
61.505405419;23.778799514
61.504634790;23.778508743
61.502352003;23.790578150
61.499111390;23.807296842
61.503791383;23.779312757
61.498612692;23.735364032
61.504521514;23.777014628
61.502339719;23.790152435
61.499317841;23.806708739
61.504289064;23.786275077
61.504668064;23.776253213
61.502596267;23.790637353
61.502245118;23.786967942
61.504571578;23.777503970
61.499040212;23.808700588
61.501680492;23.786661917
61.496274199;23.739236937
61.504778869;23.780015535
61.499861243;23.792736007
61.499223925;23.809286285
61.497747494;23.739274854
61.504792475;23.780814459
61.499815379;23.793162074
61.498699061;23.738630241
61.504732407;23.781755655
61.498540241;23.792043049
61.505587091;23.782623943
61.498531990;23.739184507
61.504484769;23.780932612
61.499574437;23.795304731
61.498581497;23.795129983
61.505726250;23.782942139
61.498820989;23.739584179
61.504508511;23.780378291
61.499622867;23.796581749
61.505827535;23.782699625
61.499494443;23.740047647
61.504594097;23.779991073
61.495393004;23.816580512
61.499573994;23.739778916
61.504476912;23.779875913
61.499776214;23.798052738
61.493877124;23.818222075
61.498231442;23.787549538
61.499757958;23.739676864
61.504562934;23.779759318
61.499715590;23.800315838
61.494317620;23.819367475
61.500774508;23.739517562
61.504181669;23.768923936
61.500078947;23.802308623
61.494556581;23.820271728
61.500629295;23.738949124
61.503133414;23.768081203
61.499755396;23.803697509
61.498559235;23.789379319
61.501190813;23.739497331
61.503050294;23.769911737
61.499805118;23.805935592
61.498460728;23.789889943
61.502957808;23.769835086
61.499789140;23.806969715
61.498533781;23.790437169
61.502853470;23.770042036
61.499881768;23.792430190
61.502810066;23.769861962
61.491959979;23.803581502
61.499972693;23.792864024
61.502859091;23.769719834
61.493548361;23.802943058
61.500588071;23.793917643
61.502858242;23.769217265
61.502154551;23.779759311
61.497308341;23.734055619
61.502697765;23.768999393
61.495680586;23.789823036
61.502099724;23.779344139
61.497930406;23.735180560
61.502617734;23.769012870
61.495270684;23.780673015
61.495393476;23.791356160
61.501983109;23.779798306
61.498276697;23.735659389
61.504324106;23.765791302
61.495362549;23.780685172
61.495245542;23.794636584
61.501712270;23.779762438
61.497834363;23.735885492
61.504585392;23.763766025
61.495433767;23.783105811
61.497811352;23.801259067
61.501855888;23.779270301
61.496196419;23.736047606
61.503661495;23.760113147
61.500353414;23.799168196
61.498396920;23.802066692
61.501864365;23.778930250
61.496048748;23.737531095
61.503538025;23.759933680
61.500471729;23.800554298
61.498405796;23.804432182
61.502144048;23.778852718
61.496360749;23.738603084
61.503771520;23.759648360
61.500693120;23.800881347
61.498158459;23.807164953
61.501791051;23.778250772
61.503678928;23.759520206
61.501876968;23.799426029
61.465009711;23.892395977
61.479106147;23.757817077
61.464434221;23.901839260
61.463879839;23.904741771
61.485433655;23.756273861
61.480329396;23.760073966
61.467887903;23.881780484
61.445151164;23.866879437
61.482250548;23.760020541
61.485408387;23.759377986
61.466564289;23.832382277
61.463034928;23.823719057
61.455911516;23.841459599
61.447022793;23.846579702
61.475814668;23.804434972
61.497381693;23.760304662
61.455466093;23.839814412
61.448897178;23.843873318
61.496995880;23.582330863
61.510319430;23.666465339
61.505350219;23.660320102
61.506181289;23.617559488
61.505857993;23.634406128
61.501604153;23.632809280
61.521636283;23.630939869
61.513659975;23.608365972
61.510485607;23.616982666
61.506609255;23.602100393
61.506609255;23.602100393
61.520263363;23.624829745
61.528211575;23.656810162
61.523003744;23.635683441
61.515827609;23.606515522
61.520593613;23.625227820
61.499494878;23.638397896
61.528958164;23.703335503
61.529369439;23.721052259
61.519226775;23.641252085
61.499669516;23.647733917
61.499062509;23.642382619
61.490615024;23.748344598
61.498338184;23.735034898
61.505966933;23.783558403
61.497750125;23.795904790
61.496631076;23.802845795
61.495570083;23.808088385
61.495025961;23.809385761
61.494312018;23.814497772
61.493248526;23.818518027
61.492791707;23.819712061
61.495294394;23.819922016
61.492381766;23.781843140
61.491697577;23.782535310
61.491750798;23.796382194
61.491252417;23.801847393
61.488771223;23.813476723
61.495047462;23.791845360
61.495207939;23.793670718
61.493012431;23.805573191
61.501510652;23.800625184
61.490138895;23.749777387
61.502024744;23.763902303
61.499982157;23.788197561
61.503327155;23.796731855
61.498628900;23.735504008
61.489883260;23.750149202
61.501734513;23.763733597
61.500010825;23.787941877
61.503327478;23.796948759
61.498538152;23.770998455
61.489879080;23.752700673
61.501559866;23.763106814
61.500202567;23.787867582
61.504004497;23.801269719
61.498354961;23.771088334
61.489887162;23.753491795
61.501365960;23.763146747
61.500197130;23.788110923
61.502975200;23.797844169
61.498161352;23.765069608
61.489833170;23.754354062
61.501262342;23.763442356
61.500423781;23.788060728
61.498220588;23.766707008
61.489866550;23.754896092
61.500482827;23.788644265
61.498557739;23.770068708
61.490028293;23.756027786
61.500460423;23.789191869
61.497486021;23.770165165
61.490152025;23.756622370
61.500292147;23.789399809
61.497975823;23.772079719
61.500186905;23.789011238
61.498653396;23.772443634
61.500490484;23.789836427
61.498525710;23.771987164
61.500433176;23.790372078
61.499367099;23.790544942
61.498582571;23.772252327
61.499184669;23.790852330
61.499322160;23.771745211
61.501301394;23.787896606
61.499264617;23.791298297
61.501524301;23.768733438
61.503456610;23.786835580
61.499253162;23.791783146
61.501333023;23.768218356
61.504026276;23.786795173
61.498831339;23.791033290
61.498879394;23.781251087
61.505732687;23.788718101
61.499286302;23.793530673
61.498934887;23.785101887
61.505610724;23.788804100
61.499956305;23.793105219
61.498915004;23.785913586
61.506859858;23.776018341
61.499952761;23.798884419
61.499093586;23.782902215
61.506942882;23.777834984
61.503330253;23.791593545
61.499782414;23.799127900
61.499111336;23.785203963
61.506532948;23.779461842
61.503151908;23.792823561
61.499663325;23.796934407
61.499663711;23.786690504
61.505834212;23.777675382
61.503363169;23.794123984
61.498904972;23.795357461
61.499000390;23.777590828
61.505635381;23.776581338
61.502749178;23.791779930
61.498897777;23.794630369
61.499860921;23.779886613
61.505822269;23.774157092
61.502551024;23.791464956
61.499715594;23.779415441
61.504740121;23.775144399
61.502381907;23.791125416
61.498879469;23.802871582
61.502432944;23.764019115
61.504729640;23.776252771
61.502477090;23.792536070
61.498836255;23.802501893
61.497792157;23.756956400
61.506586163;23.767037304
61.504677779;23.798495432
61.497991128;23.757181499
61.506956203;23.767369605
61.504290197;23.799799787
61.498179945;23.756764502
61.507246014;23.767599437
61.503548447;23.797492909
61.497209347;23.815912736
61.498396500;23.756725032
61.506821410;23.767770157
61.503419950;23.797092253
61.497051471;23.816290783
61.498622100;23.756685511
61.506852812;23.768130797
61.503362398;23.797481949
61.496915506;23.816714397
61.498721821;23.756930259
61.506951954;23.768490934
61.496697972;23.817401307
61.499028506;23.756814547
61.507329272;23.769493423
61.499299124;23.756717985
61.496284164;23.818352173
61.499388715;23.756339542
61.496272237;23.817598053
61.499560758;23.756640400
61.495412963;23.816254744
61.499623257;23.756262147
61.495493642;23.815328720
61.499786272;23.756563078
61.499857842;23.756203641
61.503017097;23.747764865
61.495759639;23.814138736
61.500038768;23.756428891
61.502975041;23.748014353
61.496194361;23.784255973
61.496258979;23.811873227
61.500291474;23.756408025
61.496377890;23.784113717
61.496497369;23.810489099
61.503091431;23.748876483
61.496702911;23.784342144
61.495897207;23.810926982
61.502918068;23.749393940
61.496979119;23.784699095
61.502838235;23.749910679
61.496986036;23.785198899
61.503117908;23.749401234
61.497121901;23.785902867
61.503203513;23.749711987
61.497232168;23.785902110
61.503517073;23.749131087
61.497262332;23.785607119
61.503584823;23.748979269
61.497205968;23.784825693
61.503149043;23.812449843
61.502829927;23.813009549
61.501496324;23.816626643
61.501451937;23.822328030
61.504813228;23.824649047
61.495389226;23.837976459
61.499253987;23.819435429
61.498755538;23.820389593
61.506602539;23.801277559
61.513400131;23.806773778
61.505818666;23.832968776
61.507170419;23.787076850
61.505647608;23.844381381
61.502704221;23.844910523
61.495480721;23.839188825
61.500016994;23.837629944
61.506158772;23.810556814
61.490100843;23.797269011
61.487758194;23.807154906
61.487353870;23.813191978
61.500884573;23.858089186
61.499880394;23.864696966
61.493455912;23.847818505
61.477395603;23.875959872
61.477687659;23.876155509
61.476680337;23.884204492
61.477004855;23.881936003
61.477626000;23.919631993
61.476262719;23.896006416
61.475808897;23.904730893
61.479742269;23.907771222
61.490801646;23.923379958
61.484619765;23.929206058
61.484755866;23.928872966
61.484294639;23.932658316
61.496543691;23.891919083
61.492618882;23.918799361
61.494009703;23.908979670
61.497565974;23.905030064
61.498061951;23.898118629
61.486849080;23.929264230
61.489349005;23.883478703
61.488534482;23.889406106
61.484979343;23.905024959
61.496349389;23.891675658
61.497145526;23.887271329
61.496124593;23.884705999
61.494093873;23.882375276
61.494591595;23.883301978
61.496431352;23.887080807
61.494088522;23.884462166
61.502137041;23.920547902
61.504726990;23.903121039
61.509027259;23.913893143
61.501730367;23.914196831
61.494232050;23.864429739
61.496729326;23.869794385
61.498990286;23.874281659
61.483889717;23.849817968
61.489168819;23.857694160
61.489243704;23.855525261
61.487646187;23.854449043
61.486998834;23.854045755
61.487532358;23.848841809
61.490935232;23.844168829
61.490832578;23.855850707
61.480232070;23.859719704
61.478659001;23.866587899
61.488894430;23.862852825
61.473837974;23.923675780
61.475422821;23.907850547
61.476119799;23.847592685
61.473090156;23.852093236
61.472810316;23.855859894
61.478689973;23.840376894
61.478370938;23.841706086
61.479073991;23.832671970
61.477591353;23.839889057
61.476582375;23.874220650
61.474086509;23.872371585
61.473043499;23.871182046
61.464235210;23.913186086
61.470806674;23.889309651
61.472924463;23.877242392
61.472044583;23.884206543
61.473326029;23.874815972
61.464793193;23.909336727
61.479348290;23.826800625
61.479231056;23.826023705
61.479387262;23.830723245
61.447084443;23.849208274
61.445944422;23.844295769
61.444693267;23.838869604
61.441005197;23.847055831
61.442109264;23.851971316
61.442190013;23.858080417
61.449789953;23.854223233
61.466784306;23.842224419
61.462936633;23.844029250
61.451514655;23.848865509
61.448870228;23.851408408
61.450669668;23.849609338
61.457383067;23.845502313
61.455428505;23.846435635
61.453411812;23.850453791
61.452305282;23.851919017
61.453163697;23.845260759
61.452777240;23.844493375
61.451476402;23.838864650
61.449884395;23.831952563
61.448008642;23.835074313
61.457969695;23.844090151
61.452866609;23.836862868
61.457313268;23.845209097
61.457948686;23.848917390
61.444546252;23.872364063
61.442774461;23.862693092
61.447251444;23.858218572
61.447556267;23.858956815
61.448267324;23.862074617
61.453374630;23.882237890
61.463656157;23.894373318
61.465995071;23.892183174
61.463195664;23.893499915
61.465605332;23.887396628
61.463684022;23.887066089
61.466932198;23.885346291
61.467850800;23.853176231
61.464909373;23.855318656
61.490598658;23.752736731
61.500780707;23.765428443
61.503075319;23.763196775
61.497561960;23.761248470
61.490543936;23.752816083
61.500759018;23.765329082
61.503216572;23.763195701
61.497531202;23.761260779
61.490462730;23.753419326
61.493437262;23.762167279
61.497484115;23.761285286
61.490436312;23.753986297
61.493490050;23.762881162
61.504295493;23.772788148
61.497429317;23.761297779
61.493601279;23.763864159
61.505571592;23.771844915
61.497359143;23.761318445
61.490576175;23.755477362
61.493725680;23.765022280
61.505709734;23.771904379
61.497361499;23.761567961
61.491331104;23.755736864
61.493784771;23.765668748
61.505716709;23.772233542
61.497419173;23.761547410
61.491313988;23.753843025
61.495948900;23.765436784
61.506181149;23.769703858
61.497489340;23.761522709
61.491906869;23.753623112
61.496128921;23.765233274
61.497529718;23.761510326
61.492205063;23.753527490
61.497584538;23.761509907
61.492370300;23.753877729
61.496425224;23.765217543
61.497236605;23.761594340
61.492657476;23.753380428
61.496593804;23.765849781
61.497544494;23.760652741
61.495236485;23.761846504
61.493000889;23.753643168
61.496471622;23.765972008
61.497521537;23.760947704
61.495270048;23.762325589
61.496633179;23.766267319
61.497415926;23.760979213
61.495131393;23.761019904
61.493205888;23.753218240
61.497186612;23.765926195
61.497307350;23.760992325
61.494967282;23.760758655
61.492091783;23.757287723
61.497366472;23.765628294
61.497781676;23.758670313
61.494825243;23.760634237
61.492486647;23.757557272
61.497629292;23.764871493
61.498088782;23.759711986
61.494694068;23.760486870
61.492792541;23.757935147
61.497782711;23.764182895
61.497971448;23.759755870
61.495244660;23.760288619
61.493118479;23.758018692
61.497855019;23.760309489
61.497301378;23.765237903
61.497882246;23.760769903
61.492890213;23.756937126
61.494868033;23.770040923
61.497927107;23.761242424
61.492896313;23.756513775
61.494817346;23.770539968
61.497951493;23.760093813
61.493261065;23.757206845
61.495049840;23.770888686
61.497949023;23.760357904
61.493891834;23.759002792
61.495365549;23.770913307
61.497978623;23.760498932
61.494040082;23.759446479
61.495422861;23.770522029
61.498005494;23.760756677
61.494202075;23.759904408
61.495313198;23.770428493
61.498008913;23.761033003
61.495234929;23.758303594
61.495531793;23.770170792
61.498044661;23.761333660
61.496146438;23.757901866
61.495415396;23.769915579
61.498165596;23.761670524
61.493504774;23.753510040
61.495292769;23.769781700
61.498118607;23.761658585
61.494415736;23.752814042
61.498303021;23.761368521
61.495204364;23.770833648
61.498279031;23.761080051
61.495073977;23.752701185
61.496378937;23.631954039
61.520660324;23.625574750
61.492623269;23.733780696
61.506519662;23.611382404
61.496553901;23.631516394
61.518248541;23.626591898
61.493101716;23.738482239
61.506329676;23.614363808
61.516179223;23.628432010
61.493981053;23.735269748
61.507135655;23.604285039
61.496590361;23.633157716
61.513600459;23.632644513
61.494109543;23.737603036
61.507491271;23.604208904
61.497308816;23.638342640
61.511386399;23.629683922
61.494691454;23.736282700
61.507167583;23.615441935
61.498632898;23.636450849
61.509881886;23.625336874
61.495282065;23.734888136
61.508538326;23.616198456
61.498448203;23.627355867
61.515584125;23.623544871
61.494830588;23.734966080
61.495739577;23.719993404
61.510681300;23.616587423
61.515175058;23.622469884
61.495572766;23.734107493
61.515006482;23.617118211
61.495898608;23.733178323
61.511314057;23.620175072
61.518664587;23.606709193
61.496092436;23.732676413
61.510763556;23.626498784
61.515232198;23.607717639
61.496144624;23.732194245
61.509037242;23.625817669
61.496445850;23.732265763
61.506691485;23.628839245
61.514926797;23.597082997
61.496008769;23.730657602
61.511925745;23.595467634
61.495853213;23.728139161
61.509819778;23.594063759
61.495408562;23.727198134
61.506612630;23.573174258
61.494813596;23.730816157
61.510209782;23.608433760
61.505300714;23.623256030
61.497212466;23.721531108
61.508619161;23.605593269
61.505472653;23.623569023
61.497145286;23.723328966
61.504747390;23.604889637
61.505808784;23.623865725
61.497327521;23.725865785
61.503931740;23.601437791
61.505734502;23.624224687
61.497689240;23.725195555
61.504524538;23.612449278
61.497673556;23.726196265
61.504442257;23.618983423
61.507136919;23.621601033
61.507300666;23.627830706
61.497684492;23.727233786
61.506875654;23.621160201
61.497279291;23.728312001
61.504788237;23.629682227
61.506649519;23.621048382
61.504823034;23.631909715
61.497292493;23.730498249
61.506435635;23.620420821
61.505050021;23.630732853
61.495919240;23.734678910
61.506059042;23.617890397
61.495231591;23.736259598
61.504515559;23.629926329
61.506197108;23.618318351
61.503580043;23.629756798
61.506278021;23.617887711
61.512770632;23.656539810
61.510415833;23.664093890
61.508563620;23.665529067
61.505825158;23.634922080
61.506845747;23.657327816
61.501612039;23.633195805
61.505335338;23.651684249
61.503506842;23.640023698
61.501105359;23.633087240
61.496539103;23.725724506
61.501420104;23.645195586
61.500557047;23.632764328
61.500827142;23.649537178
61.496203981;23.726412985
61.500399083;23.632551426
61.505365636;23.720216407
61.499463893;23.639799544
61.500400162;23.632952343
61.505375404;23.720661109
61.498285788;23.634966970
61.496894232;23.582251095
61.505348730;23.724961116
61.499335338;23.616412041
61.496895030;23.582508785
61.505146847;23.725852490
61.521626880;23.630701694
61.493484331;23.592979067
61.504581091;23.726339339
61.494791929;23.569094765
61.504312775;23.725025871
61.518461483;23.628741507
61.495045116;23.585795462
61.503651948;23.726681089
61.518215286;23.628341216
61.496819221;23.587337024
61.503600040;23.727293131
61.518491892;23.627054928
61.497955759;23.592138030
61.503728527;23.729552964
61.518273107;23.627075905
61.499814052;23.592986644
61.501984688;23.657832902
61.503356160;23.729333807
61.502906473;23.658274350
61.502943740;23.731246176
61.512423662;23.620017699
61.501970607;23.663733467
61.499837534;23.736832047
61.512292252;23.619982653
61.499630476;23.665655163
61.498856798;23.724518185
61.508203526;23.671253890
61.499305304;23.722976245
61.508361402;23.671101660
61.499534588;23.722510948
61.518733142;23.603958272
61.508582802;23.682571438
61.499860087;23.721451825
61.518743335;23.604452992
61.508811210;23.681816322
61.499797151;23.720989144
61.518167520;23.605120133
61.506216891;23.682791271
61.505214920;23.742587499
61.502158852;23.688462123
61.512399050;23.605193340
61.506620091;23.695583321
61.513001762;23.601740609
61.507035234;23.694675982
61.512875218;23.609438693
61.506152865;23.698960005
61.513564321;23.608587065
61.506272860;23.700276013
61.505502761;23.596577574
61.505764621;23.597214288
61.501996433;23.720641305
61.508965213;23.601334066
61.504975463;23.709728393
61.510300372;23.597731790
61.505169969;23.709513699
61.499687053;23.714265366
61.507686186;23.590307738
61.503746912;23.705654326
61.503760318;23.711927079
61.498742838;23.727465524
61.494072135;23.730366650
61.495651490;23.717299685
61.500269166;23.715569204
61.528366075;23.656628140
61.506805378;23.709284391
61.506884078;23.708628318
61.526139182;23.703690772
61.532273908;23.677516549
61.503325777;23.745687827
61.503445730;23.745515257
61.503881123;23.747388071
61.503776609;23.747045696
61.504538748;23.748240873
61.504390550;23.747921697
61.503189728;23.746020755
61.496222622;23.645621358
61.502768258;23.745749618
61.502388405;23.738590688
61.502131303;23.738512752
61.502694387;23.704409960
61.492092015;23.740664863
61.492877280;23.742437617
61.498042050;23.717290408
61.502243211;23.714945874
61.502350253;23.715050772
61.531119553;23.703909468
61.530587870;23.704567131
61.528980008;23.703828331
61.528211958;23.704038662
61.527512196;23.703813319
61.527777667;23.704912846
61.525041763;23.707606693
61.525671762;23.710834187
61.525962109;23.710628483
61.526282674;23.711611508
61.524852019;23.712799216
61.526250355;23.716005275
61.527937382;23.725009289
61.531082296;23.725822601
61.531623708;23.723076879
61.530989159;23.720863702
61.530336753;23.720086456
61.529624656;23.720585926
61.528262052;23.711259614
61.528343110;23.710301810
61.528687532;23.675699054
61.528506283;23.675178912
61.528591016;23.684734204
61.528376497;23.684779887
61.526026095;23.654818002
61.526087233;23.654353349
61.521405503;23.662074647
61.521372067;23.662553440
61.530339232;23.660237340
61.530195386;23.660862487
61.531757804;23.671229229
61.537859962;23.672281607
61.537927344;23.671512119
61.538413308;23.672058194
61.538859250;23.673242952
61.502196008;23.690562229
61.502304002;23.690872684
61.503419276;23.701557978
61.503427247;23.702010571
61.502823255;23.703403511
61.505008899;23.704200415
61.470943101;23.870495056
61.468323262;23.869110032
61.489186919;23.923641710
61.499982764;23.912961608
61.488350935;23.824437594
61.453020861;23.900242231
61.496864215;23.885060884
61.488670538;23.922181144
61.486341150;23.825674688
61.470340131;23.875042735
61.453150432;23.895452742
61.489730650;23.922825567
61.485246896;23.924775439
61.487696582;23.830885405
61.470041349;23.874922294
61.453033650;23.889594967
61.489254692;23.921952029
61.484913326;23.924741353
61.487346356;23.831225522
61.470110575;23.874281431
61.453113129;23.884029428
61.489420523;23.921448319
61.487250217;23.831541791
61.470487309;23.874798867
61.452037511;23.872668946
61.479933751;23.810730607
61.489483077;23.920669303
61.487706824;23.838985123
61.452036029;23.871101948
61.479756083;23.810706071
61.491097201;23.918544174
61.487432408;23.838490879
61.454801115;23.867282485
61.479088844;23.811030366
61.492508366;23.912548599
61.454639279;23.866653386
61.478996955;23.811018106
61.492427776;23.911937668
61.457238734;23.865558346
61.478408993;23.811085713
61.495038018;23.910903751
61.485048744;23.829473857
61.459725175;23.863628656
61.477386106;23.811143154
61.494563821;23.917506242
61.484644442;23.830026659
61.460150584;23.868534122
61.493303491;23.920426767
61.484545120;23.831573036
61.458570843;23.852340068
61.477855273;23.809347100
61.493334719;23.921619093
61.482960544;23.827494884
61.458489055;23.854508375
61.477693472;23.807542069
61.493375943;23.922513308
61.485126767;23.835275697
61.454342008;23.850426854
61.479377906;23.803202117
61.492705092;23.924111939
61.482702074;23.839671650
61.450597716;23.849331859
61.492176071;23.924539072
61.482560824;23.840095876
61.442119100;23.858552328
61.491968917;23.929509760
61.484527068;23.841843370
61.441866376;23.851628652
61.479359307;23.807326834
61.491515228;23.929356308
61.485063682;23.841840648
61.479506295;23.807313128
61.491219894;23.929423187
61.484771824;23.843366786
61.479551558;23.809003681
61.501988413;23.916362971
61.485086254;23.843852253
61.481330758;23.806648500
61.503753658;23.913587542
61.485176473;23.843068282
61.479404305;23.800294254
61.505478790;23.914145733
61.485560206;23.842198118
61.479673500;23.800074776
61.505763761;23.914365738
61.480116463;23.801391314
61.506560753;23.915224626
61.480027117;23.798945257
61.485952473;23.839972565
61.480064307;23.799239638
61.507269513;23.918424220
61.479720195;23.835325500
61.480297046;23.799225341
61.507048503;23.919319004
61.479882656;23.835705752
61.481372057;23.797143150
61.507138476;23.919826596
61.479701022;23.836214839
61.481378710;23.797501790
61.510801124;23.923471695
61.478299643;23.850174264
61.483485677;23.797359978
61.506314720;23.927556315
61.483465217;23.795963718
61.506177851;23.928075468
61.476509087;23.842561545
61.489873714;23.789005402
61.509026980;23.911673925
61.475650466;23.844280647
61.507135973;23.787050415
61.486191153;23.800148204
61.490882202;23.794916731
61.497995606;23.856039057
61.475496720;23.851669603
61.485563579;23.794181947
61.490111136;23.797903672
61.497153232;23.862272932
61.472408880;23.842836302
61.485795037;23.793309194
61.488812266;23.802287597
61.494167246;23.860482536
61.467424479;23.849126052
61.486056990;23.792359346
61.489042568;23.802914461
61.494254163;23.861175871
61.485565739;23.791568315
61.489271926;23.802901597
61.493955669;23.861093957
61.485450348;23.792222488
61.489185226;23.803370542
61.495460179;23.873851742
61.479294619;23.853962225
61.484985712;23.792814920
61.488887090;23.804937547
61.495652890;23.874281098
61.478519302;23.860845147
61.488624559;23.804676436
61.495726436;23.874932896
61.477941164;23.857742094
61.495427878;23.874781474
61.477582519;23.858394902
61.487174158;23.793889408
61.488048728;23.806839192
61.495527910;23.875391539
61.477395400;23.855106493
61.486146886;23.791064752
61.488382481;23.807259802
61.477131667;23.854890677
61.485692382;23.790273454
61.500704442;23.808776711
61.487897969;23.808370925
61.492780118;23.887916268
61.477146722;23.854039083
61.485537747;23.789300798
61.500502318;23.809751177
61.492305627;23.891580473
61.476261791;23.855362231
61.485163084;23.788649934
61.499962150;23.810107288
61.494029584;23.891296995
61.472040824;23.858319953
61.484947513;23.787895508
61.501690046;23.810997006
61.494169331;23.891906948
61.472394297;23.860371722
61.484559420;23.788480175
61.502254546;23.811407227
61.493268458;23.893186450
61.502243722;23.811991264
61.493474382;23.893629686
61.484535158;23.786655623
61.502577120;23.813461355
61.493056908;23.894019589
61.471069138;23.868741016
61.484355958;23.785657571
61.503214753;23.816365332
61.493090902;23.895101595
61.470568130;23.870896537
61.483137826;23.786191192
61.496607260;23.897295851
61.470225969;23.872149901
61.484075778;23.782802600
61.495954912;23.902972745
61.470603360;23.874401929
61.483910363;23.782778134
61.495811001;23.905789758
61.495991670;23.908147904
61.471078074;23.878356342
61.495672444;23.906803014
61.469721916;23.889211824
61.483873853;23.779127211
61.495293455;23.905375105
61.469881666;23.889278022
61.484330647;23.781301879
61.495141322;23.905930528
61.484502353;23.781415988
61.493980055;23.904838007
61.484618474;23.781248623
61.505095884;23.907010688
61.470313497;23.888560016
61.485726822;23.781023030
61.505394254;23.906940402
61.471552701;23.891959739
61.485977452;23.780700973
61.500864021;23.896463036
61.471550232;23.888888128
61.485846541;23.779292574
61.489947872;23.829802627
61.471693545;23.888386804
61.486620611;23.784527310
61.497676024;23.817738393
61.490473676;23.826068106
61.471756306;23.887034388
61.486079300;23.786978154
61.491786014;23.825533607
61.472369458;23.885012191
61.486049053;23.787221780
61.492164391;23.825822826
61.472703385;23.893024165
61.488153489;23.789398407
61.492729191;23.826707552
61.488342875;23.789076806
61.492840236;23.825388971
61.472859241;23.888249071
61.488706794;23.790701609
61.492834332;23.825957798
61.473082651;23.888031257
61.493989026;23.826589554
61.473193914;23.887396457
61.488581569;23.792931914
61.493981449;23.825854274
61.473804405;23.883815260
61.488651641;23.782860366
61.477708179;23.757737827
61.494284764;23.824506806
61.474436943;23.884269971
61.477892864;23.757710629
61.494522622;23.823825628
61.475401451;23.882296296
61.489456671;23.784494866
61.478951748;23.757560745
61.494834571;23.824031962
61.474951025;23.878591604
61.489236304;23.784586078
61.496958033;23.820023912
61.475172857;23.876654075
61.479522005;23.756204229
61.495456134;23.827816198
61.474963507;23.874751630
61.479795433;23.757592805
61.495217365;23.827789768
61.474229117;23.875005015
61.479642517;23.754735304
61.494743923;23.830997321
61.474429797;23.876156175
61.480060014;23.754049530
61.494743923;23.830997321
61.479791881;23.880776855
61.480330303;23.753686831
61.494678140;23.831427781
61.479974317;23.879390226
61.480551008;23.753144233
61.495455965;23.838499556
61.479782024;23.878656264
61.481060815;23.752431920
61.491102770;23.836038971
61.481473946;23.752737724
61.490790831;23.835818669
61.465143452;23.887784213
61.480297112;23.752360743
61.490877624;23.836303735
61.465131666;23.889371536
61.480530124;23.751818019
61.490632158;23.836221789
61.465054891;23.891588500
61.481105702;23.750036342
61.490619295;23.836554797
61.481348677;23.751579701
61.489370843;23.835118679
61.464834039;23.893764904
61.481398786;23.752042909
61.489680804;23.839223141
61.481890588;23.751588276
61.490580813;23.843296953
61.464888960;23.897089737
61.481840431;23.751099294
61.500126751;23.708364123
61.505383676;23.700093472
61.500741799;23.708854786
61.506760972;23.701350688
61.500429886;23.709821331
61.505836779;23.696745011
61.500556410;23.710258170
61.501552815;23.709621057
61.505834959;23.695927254
61.501888989;23.710216557
61.505368667;23.678218565
61.505825427;23.679586533
61.500116046;23.672914520
61.504928917;23.709180674
61.505637174;23.679646897
61.500318695;23.673043801
61.504802514;23.708802185
61.505687045;23.680084456
61.500282580;23.672533176
61.504155816;23.709830382
61.505483879;23.679736069
61.502984555;23.670358287
61.505402518;23.680744507
61.503261550;23.663784510
61.506986307;23.680713661
61.503615115;23.662860777
61.507110771;23.680230457
61.503492842;23.661387296
61.507566402;23.681131219
61.502944215;23.662429985
61.507754484;23.680997854
61.500537894;23.659973986
61.500906699;23.659575728
61.500835764;23.659109281
61.500395524;23.647871707
61.500082048;23.645378585
61.499463070;23.643473031
61.499405116;23.645327873
61.499927297;23.647585005
61.498629121;23.642081003
61.498788971;23.641845561
61.498548648;23.640665752
61.498407330;23.639995790
61.497895566;23.639081953
61.496467014;23.639770049
61.516361554;23.666438228
61.512599164;23.776157475
61.511288125;23.788064449
61.504292974;23.612842322
61.505810402;23.624452904
61.518368239;23.626653199
61.519216178;23.604501981
61.505351667;23.679268936
61.514762823;23.784878679
61.536102575;23.706226233
61.521443803;23.669221619
61.530725448;23.668064216
61.500633457;23.659126104
61.500517311;23.788388538
61.505401084;23.788574347
61.499256115;23.801937905
61.496108283;23.736239693
61.498339885;23.735064795
61.498461724;23.792528351
61.499751756;23.793381480
61.497576346;23.812625841
61.495454235;23.791801376
61.498145957;23.809919100
61.501732778;23.796275983
61.500164666;23.797344626
61.500080845;23.807685648
61.495488795;23.815785806
61.496044971;23.811143203
61.496476872;23.784728213
61.497220228;23.782236627
61.497336811;23.782363978
61.497316237;23.784837737
61.465099869;23.841289046
61.487034074;23.838588406
61.486927225;23.831525179
61.477728661;23.810795254
61.479294528;23.804855051
61.477187221;23.842367593
61.507135456;23.786719799
61.472212544;23.862242248
61.470806235;23.869376456
61.469671268;23.876759345
61.483537621;23.779539556
61.470264519;23.888759176
61.483870838;23.831110277
61.472518343;23.891271933
61.489684667;23.781494923
61.475769342;23.874047144
61.464918548;23.893012030
61.465903782;23.897236915
61.464160342;23.903331547
61.484654538;23.754476885
61.466085168;23.913246308
61.482628494;23.750701462
61.448926656;23.745312345
61.466461171;23.827603316
61.466544852;23.832608991
61.463529767;23.837249589
61.467095197;23.848067095
61.463218163;23.824428669
61.454058589;23.833149687
61.451846355;23.833418930
61.450456346;23.841332931
61.442243934;23.847529546
61.443931948;23.845575929
61.475647801;23.771731839
61.446836395;23.847342366
61.466216014;23.804441362
61.488475199;23.770714146
61.486374937;23.766707199
61.483041251;23.762229825
61.482958062;23.762877504
61.480577686;23.762903544
61.479640844;23.763547416
61.475284471;23.764345704
61.486055906;23.761309792
61.486002081;23.764660593
61.484293782;23.757549853
61.476913543;23.767066904
61.489436901;23.779314644
61.487995292;23.779146756
61.483029343;23.776267815
61.482834031;23.776739320
61.487716618;23.788873463
61.476197114;23.772008219
61.489767026;23.781836006
61.484360489;23.757336071
61.486548037;23.784354174
61.484758489;23.786909797
61.482618895;23.789107234
61.482698236;23.789418346
61.482045720;23.783192097
61.480022897;23.782765713
61.476849374;23.783061375
61.473651718;23.783847954
61.471011088;23.785007924
61.485410429;23.795748790
61.483929413;23.798440514
61.480187283;23.815966771
61.471803496;23.775363792
61.471166329;23.782493440
61.473060625;23.805324234
61.473301514;23.819218295
61.473406828;23.812689212
61.471264729;23.792212919
61.468772062;23.811988089
61.481696461;23.797865938
61.478995240;23.797998027
61.477259956;23.804341471
61.480050818;23.804200632
61.480185710;23.810236459
61.472683068;23.774951896
61.469042520;23.774508582
61.469974650;23.774786128
61.463760890;23.764886066
61.468922404;23.791575370
61.466762575;23.800440566
61.466294417;23.807175209
61.471202566;23.812561633
61.465434191;23.789611831
61.462913709;23.785669475
61.493624745;23.826805772
61.493308480;23.836988426
61.495489209;23.820559689
61.502521805;23.806103701
61.502275216;23.807821602
61.499408670;23.822784985
61.465020006;23.916300663
61.483191069;23.752234686
61.499515907;23.823658574
61.464627720;23.917136371
61.482973454;23.751090250
61.499556412;23.824213405
61.464477184;23.917191502
61.482532052;23.752162677
61.500358384;23.823875835
61.458262126;23.852527422
61.482859884;23.752971404
61.500814646;23.822860231
61.463550720;23.857742847
61.482546847;23.753527629
61.502324245;23.821047563
61.466426790;23.859809670
61.482565873;23.753836574
61.503454469;23.818209911
61.468579012;23.858294630
61.483392086;23.751035390
61.504179134;23.824673031
61.468644972;23.858773317
61.483397450;23.750597478
61.501173323;23.828492283
61.469054619;23.862439036
61.484397192;23.755187246
61.500756809;23.829507580
61.468035342;23.871146975
61.499972979;23.833799724
61.468775878;23.871964991
61.483298641;23.757256465
61.500265565;23.834464231
61.468756761;23.872526165
61.482781463;23.757299133
61.500603097;23.833907378
61.468606915;23.873293128
61.482375117;23.757340919
61.499903368;23.836561509
61.468308019;23.875730234
61.481827234;23.757435339
61.499475847;23.839519416
61.469499940;23.876231836
61.481205278;23.757427303
61.499426089;23.842336550
61.480441944;23.757562032
61.500036546;23.848494639
61.469796507;23.878420300
61.480375774;23.758438200
61.500169592;23.848868664
61.469095392;23.877697752
61.480308921;23.758940929
61.502397102;23.848274974
61.469006124;23.880380373
61.480389907;23.759468281
61.502818756;23.845816545
61.468921401;23.880818606
61.480329079;23.759893684
61.502957112;23.845024833
61.467610406;23.878894133
61.480467828;23.761759845
61.489587360;23.884307224
61.467966517;23.881848598
61.489659717;23.883613371
61.467835357;23.881589105
61.489792737;23.884070636
61.467312464;23.882549002
61.482161624;23.758488735
61.489892551;23.884472557
61.482193447;23.759067994
61.489922581;23.897095979
61.469312840;23.886893332
61.446420644;23.850320721
61.482200180;23.759389908
61.488727386;23.904063435
61.465273313;23.886497503
61.445832874;23.851436695
61.482274863;23.759840059
61.486759182;23.905997529
61.464310003;23.885337976
61.445650485;23.851364345
61.482139955;23.760163045
61.488324212;23.896851588
61.445072341;23.866606290
61.482423352;23.760238148
61.487266469;23.892541283
61.444974619;23.867085293
61.482981078;23.762242858
61.488333219;23.855723118
61.444810613;23.866744148
61.481364669;23.760503840
61.489771328;23.854856372
61.481351633;23.760091848
61.487587276;23.858986254
61.444563989;23.856010830
61.487313190;23.863329087
61.447663112;23.852345105
61.491342965;23.867847716
61.463737365;23.818287301
61.487335491;23.762711935
61.491581874;23.868027052
61.465503812;23.823787508
61.486051016;23.908024731
61.465124805;23.824119241
61.482946873;23.917395418
61.466642002;23.827540698
61.481297209;23.920034772
61.466623606;23.832536464
61.452245402;23.841216126
61.481277598;23.920520213
61.453260215;23.840970427
61.484851967;23.932785808
61.453353994;23.840620119
61.444154140;23.837409487
61.477289021;23.926853471
61.465672246;23.836331983
61.477014667;23.831147205
61.476871118;23.831069614
61.477805922;23.831413157
61.477301881;23.831136191
61.453521791;23.840925370
61.477162759;23.926382325
61.465948871;23.836886737
61.476917571;23.926715697
61.463570114;23.838011518
61.475891506;23.930142955
61.475540008;23.930074432
61.475274780;23.930158221
61.466774431;23.847656645
61.476122490;23.916442965
61.466799808;23.848315759
61.476520476;23.916594427
61.476721912;23.910104515
61.463133907;23.824058385
61.477039988;23.909756937
61.477404557;23.909506283
61.462994139;23.822679077
61.462723688;23.823113184
61.462673910;23.822732417
61.462457111;23.822743945
61.454303858;23.832242312
61.453768062;23.833315995
61.453902245;23.834241937
61.454164676;23.835280441
61.454086962;23.836217809
61.455811274;23.840018564
61.455866788;23.841140627
61.455936520;23.841778673
61.456415177;23.842342577
61.455661191;23.842315521
61.455681679;23.842984696
61.455524171;23.843139939
61.455041596;23.843440968
61.457068947;23.845222478
61.455171124;23.849041650
61.454079953;23.847131838
61.452584249;23.849218908
61.449897922;23.848583330
61.449379513;23.847700527
61.506403365;23.792102999
61.449275519;23.847237755
61.506724087;23.791899274
61.449890834;23.846658240
61.506663667;23.792275950
61.450088493;23.847141126
61.506795692;23.792543818
61.450397849;23.846171888
61.506761207;23.793088305
61.451688238;23.845578680
61.506619933;23.793075796
61.452806012;23.844842118
61.508544033;23.795972491
61.453122947;23.846220201
61.453116679;23.845036205
61.453964091;23.840635511
61.453826268;23.840770070
61.453701483;23.839411627
61.452304405;23.833231152
61.452220721;23.833293377
61.452289903;23.833457755
61.452146199;23.832799574
61.451940075;23.833490500
61.451752157;23.832956135
61.450210708;23.833715922
61.450582351;23.835412635
61.451241023;23.838147692
61.451522150;23.838341837
61.451870019;23.840821257
61.452375246;23.843063123
61.450723399;23.842155174
61.450535680;23.841754618
61.450446963;23.841744775
61.438597875;23.843626465
61.446507151;23.847344463
61.438652463;23.843955504
61.440470118;23.852159194
61.446902602;23.845375056
61.438740781;23.843625749
61.440918721;23.852321739
61.447552899;23.846683500
61.440933289;23.852126133
61.442366802;23.847240754
61.442213963;23.847169454
61.442402883;23.844296950
61.442987253;23.846846601
61.443060300;23.846074296
61.443395793;23.846432876
61.443568116;23.846298217
61.443818458;23.845442677
61.443951350;23.845308207
61.444198441;23.845924563
61.444090157;23.846038311
61.444252941;23.837710509
61.444827832;23.840466069
61.444793108;23.832097920
61.445808672;23.836508345
61.447167183;23.835214497
61.447380480;23.828388440
61.447455444;23.829221833
61.472693310;23.769342659
61.447984278;23.830474834
61.472682560;23.770608766
61.448522208;23.835124973
61.472868374;23.770014766
61.449016604;23.836470945
61.472901032;23.782028350
61.449110198;23.840588279
61.472201218;23.779501263
61.470873409;23.779039300
61.448952935;23.845221619
61.468283642;23.779003787
61.468337484;23.780430862
61.449210796;23.846651288
61.468520068;23.781803147
61.448836323;23.846684021
61.468527630;23.782503358
61.448704985;23.848208237
61.468958297;23.781907815
61.448548545;23.849331081
61.448332053;23.849630664
61.463890040;23.787019405
61.449339544;23.851653862
61.473870949;23.784297809
61.449295543;23.851973204
61.473859124;23.784957861
61.448286736;23.848755869
61.473828519;23.785981704
61.448089606;23.848736240
61.474016986;23.787030991
61.447738906;23.847996771
61.474053398;23.785603044
61.447023314;23.847042945
61.475709660;23.798684101
61.447013195;23.846806216
61.475710653;23.799357576
61.475589183;23.799991420
61.447139979;23.845632085
61.475324588;23.799669871
61.447277199;23.844962308
61.474717411;23.798569282
61.447388060;23.842800007
61.474849224;23.800588836
61.447589796;23.842541644
61.474656814;23.801169224
61.447850696;23.842313855
61.474233035;23.802128232
61.446688974;23.843379990
61.475558857;23.801271229
61.446585923;23.843751087
61.475585110;23.801607801
61.445915337;23.843394162
61.446400569;23.845409296
61.446762135;23.847044224
61.475743831;23.804448888
61.475797378;23.805849386
61.445664973;23.844218902
61.475749925;23.808732176
61.443974645;23.852965988
61.475751508;23.809863636
61.443235561;23.853051845
61.475830734;23.811250516
61.442210250;23.852737590
61.475943380;23.813512730
61.442735401;23.855349397
61.473157687;23.793771116
61.440623617;23.857458743
61.471938827;23.792903759
61.444515520;23.866138562
61.471632930;23.795101061
61.443445678;23.865607942
61.443511586;23.867491228
61.471834352;23.800594658
61.443946011;23.868302515
61.466563510;23.804183331
61.443788701;23.868683997
61.442989834;23.868100689
61.471851778;23.827490021
61.442654887;23.868246201
61.471980417;23.827327704
61.442643793;23.866970008
61.474852158;23.821250631
61.442992712;23.866001009
61.474558984;23.828714187
61.473924952;23.831694290
61.485849681;23.828535919
61.473876429;23.834145873
61.485927011;23.828967879
61.474722324;23.830531633
61.486473384;23.831324621
61.475108937;23.815740176
61.486222714;23.834031617
61.475000104;23.816239192
61.486410886;23.838231165
61.475014113;23.817074215
61.486076288;23.839999596
61.475219541;23.816547691
61.484759517;23.845479163
61.475131153;23.817881693
61.467728645;23.833994368
61.475292096;23.827699954
61.466348852;23.821877321
61.475068389;23.834301174
61.464557006;23.839147191
61.475598845;23.825758638
61.461049908;23.830672236
61.475841944;23.824437258
61.456077298;23.836216403
61.476201554;23.823546227
61.456022595;23.844979908
61.476821623;23.824808893
61.476885716;23.824552596
61.476943200;23.824175102
61.476807453;23.823812189
61.477083893;23.823379566
61.477586128;23.823188123
61.477532190;23.816507122
61.477547977;23.818675751
61.478845730;23.820863964
61.478442388;23.822779152
61.479086954;23.823058372
61.479565202;23.819324112
61.472487996;23.891128573
61.470567151;23.888027961
61.471479160;23.884810983
61.472682218;23.880370947
61.491111137;23.789927156
61.491260477;23.785287786
61.453551577;23.842029988
61.453438763;23.842072164
61.469514706;23.756131163
61.495400290;23.772422611
61.498373218;23.759562395
61.495095151;23.753031058
61.495915958;23.768779699
61.499262672;23.759623055
61.495592023;23.752811865
61.495929209;23.768995234
61.499048551;23.759704566
61.495995970;23.752414004
61.495968132;23.769156695
61.498840266;23.759767573
61.496208464;23.752347747
61.502101519;23.769488669
61.499445177;23.759922610
61.499560447;23.759639140
61.502179669;23.769986879
61.499472176;23.760712911
61.499808510;23.759569721
61.499568696;23.760047880
61.496657456;23.752200657
61.501966939;23.769907551
61.499811802;23.759772381
61.499632842;23.760212478
61.496856199;23.752112971
61.501850642;23.769706199
61.499832283;23.760391752
61.496873872;23.752407029
61.501851210;23.770043218
61.499862902;23.760713835
61.497575894;23.751848922
61.501670091;23.769599707
61.499913478;23.761704005
61.497631341;23.752164222
61.501779185;23.769356241
61.500258870;23.759425412
61.500033602;23.758606753
61.497915243;23.751760110
61.500986850;23.769375589
61.500057310;23.760173815
61.500597464;23.758840377
61.498032381;23.752053386
61.500230801;23.768006198
61.500222483;23.760093940
61.499905434;23.759202678
61.498200293;23.751987477
61.500422348;23.770795212
61.500492808;23.759997499
61.499817556;23.759203357
61.498292226;23.751620769
61.499406246;23.771827159
61.500606303;23.760444763
61.499574338;23.759053815
61.498639044;23.751869165
61.499407417;23.772528090
61.500636848;23.760719665
61.499693172;23.759020430
61.499264991;23.772111279
61.500528120;23.760846293
61.499817136;23.758965392
61.497403054;23.751096868
61.499059457;23.772476740
61.500400946;23.761169612
61.499956674;23.758953496
61.497128172;23.750812073
61.499085679;23.772746131
61.500276761;23.761052639
61.500090888;23.758844298
61.496992154;23.751444594
61.499085679;23.772746131
61.500220079;23.758821647
61.497147843;23.750316793
61.499085679;23.772746131
61.499355355;23.757995492
61.496904718;23.750512489
61.499085679;23.772746131
61.497987056;23.763284321
61.496886860;23.750125155
61.499085679;23.772746131
61.498008275;23.763597821
61.497037146;23.749793888
61.499085679;23.772746131
61.498034615;23.763878837
61.497102027;23.749642671
61.499085679;23.772746131
61.497811346;23.763307286
61.497368218;23.748937329
61.499085679;23.772746131
61.497827443;23.763642472
61.497406948;23.747623889
61.499303246;23.775750541
61.497843530;23.763977640
61.497078518;23.748049909
61.497970052;23.765404370
61.496672638;23.747400247
61.498007163;23.765944910
61.496732341;23.748153177
61.496899941;23.765358371
61.496308940;23.749153952
61.496770740;23.765370158
61.496089178;23.749005049
61.497669966;23.765244402
61.496045556;23.749522022
61.497530939;23.765559106
61.497080290;23.747160140
61.497376267;23.765798219
61.497305245;23.746412078
61.497944432;23.765534364
61.497420102;23.745478306
61.497965478;23.765750530
61.497234298;23.745149760
61.498017760;23.766096244
61.497024606;23.744878811
61.497701760;23.765698437
61.496915690;23.745324578
61.496803657;23.745928234
61.496662275;23.745513204
61.496418076;23.745134918
61.496537357;23.746576174
61.495088871;23.747735954
61.494810732;23.747537336
61.495059682;23.744952310
61.495014147;23.744443250
61.494847178;23.745011462
61.494801743;23.744559799
61.494523921;23.744533370
61.494579860;23.745106921
61.495889181;23.741092449
61.496076136;23.742023655
61.496463324;23.741848240
61.496544474;23.741237679
61.496715056;23.740769873
61.496786782;23.740618582
61.496924656;23.740983376
61.496860601;23.741565133
61.496775841;23.742075279
61.497146614;23.742287476
61.497366374;23.742436318
61.497943126;23.742761641
61.498057395;23.743341926
61.498096226;23.743930007
61.498096226;23.743930007
61.498096226;23.743930007
61.497926209;23.746543341
61.497878055;23.744627823
61.498361703;23.744681279
61.498374137;23.743999488
61.498390333;23.743497058
61.498379267;23.743080944
61.500532602;23.742589418
61.492856907;23.748475914
61.491602747;23.790017293
61.513563342;23.774577848
61.514106758;23.775502064
61.514173347;23.778569714
61.511973264;23.770077749
61.512302489;23.771776854
61.511022512;23.779778029
61.510699941;23.778323751
61.511217193;23.782135509
61.511075563;23.782136500
61.511273465;23.786569304
61.508527355;23.777355989
61.510504740;23.777653123
61.512080879;23.778648969
61.512729231;23.784760385
61.510121048;23.789410867
61.509831189;23.788643826
61.514762823;23.784878679
61.513400016;23.782808942
61.513779734;23.783377538
61.530606947;23.708024531
61.501451450;23.717646291
61.493765672;23.724896709
61.498818344;23.715984163
61.505296437;23.666249881
61.528393052;23.709239548
61.492326510;23.727021367
61.499251229;23.714952461
61.505964783;23.668118904
61.526863683;23.701837293
61.491485936;23.731826760
61.505756134;23.669553310
61.527207775;23.698448904
61.491389946;23.732550066
61.491511276;23.845095734
61.465386683;23.897334409
61.481918095;23.749798022
61.491035712;23.846776674
61.466008593;23.897318652
61.482453629;23.749690693
61.490699312;23.848387523
61.490453637;23.848111270
61.461835167;23.893050002
61.483063093;23.749595641
61.490096960;23.849389238
61.461578257;23.899522367
61.483146994;23.748345761
61.490255324;23.848681002
61.483339123;23.749013878
61.494309626;23.844984668
61.483972181;23.748364831
61.494627876;23.844927588
61.464114698;23.903591684
61.484616046;23.750239988
61.494719689;23.844025299
61.463885476;23.903455550
61.484882901;23.751371211
61.495270934;23.844757893
61.463837427;23.904765289
61.484557979;23.752159429
61.495259564;23.846422860
61.463403476;23.906946126
61.464342205;23.902226977
61.495967052;23.844587907
61.463267885;23.909737744
61.464959455;23.894945482
61.497003090;23.840184293
61.463287925;23.910353412
61.464407375;23.910336504
61.484535239;23.756628625
61.489378462;23.767558205
61.493477277;23.853881803
61.465770271;23.912220912
61.484410289;23.755625045
61.488723095;23.766376677
61.498482538;23.824538630
61.466078460;23.913013700
61.484242107;23.754557402
61.498964324;23.822759779
61.483432468;23.752915331
